Method
Kmeans
Bicluster0
BiCluster1
BiCluster2
BiCluster3
rowCER
0.0872844221105528,0.00791922784615303
0.0547437185929648,0.00658012797012454
0.0519698492462312,0.00531831402416281
0.0588733668341709,0.00633297541292841
0.0864834170854271,0.00910642550262255
colCER
0.105468341708543,0.00776316955430734
0.0559396984924623,0.00556005356377453
0.0574532663316583,0.00569659037093964
0.0698522613065327,0.00650995610353535
0.0970733668341709,0.00779837071573838
Sparsity
0
0
0.0778935,0.00710554424986114
0.1665285,0.011072744392085
0.2587585,0.0126883650425924
