-11.379796 24.090999 43.374715 1 1 RMF_L
-6.785115 64.865577 -11.499812 1 1 Fpole_L
-37.13713 -3.504331 1.690092 1 1 Insula_L
-11.379796 24.090999 43.374715 1 1 SupF_L
-35.521824 10.809538 44.190969 1 1 CaudMF_L
-44.017232 30.266616 0.805347 1 1 parsTriangularis_L
-45.746763 14.555066 11.852166 1 1 parsOpercularis_L
-38.791732 -10.412277 42.973217 1 1 preCentral_L
-29.311423 12.899209 -38.046768 1 1 Tpole_L
-53.401526 -15.660875 -4.006122 1 1 SupT_L
-53.401526 -15.660875 -4.006122 1 1 SupT_L
-57.751067 -30.2239 -13.290262 1 1 MT_L
-57.751067 -30.2239 -13.290262 1 1 MT_L
-57.751067 -30.2239 -13.290262 1 1 MT_L
-49.601517 -34.703196 -25.261257 1 1 IT_L
-49.601517 -34.703196 -25.261257 1 1 IT_L
-49.601517 -34.703196 -25.261257 1 1 IT_L
-43.230818 -23.574863 43.947822 1 1 postCentral_L
-23.409777 -61.788495 47.827327 1 1 SupP_L
-52.06073 -39.127553 31.482408 1 1 SupraM_L
-52.06073 -39.127553 31.482408 1 1 SupraM_L
-52.06073 -39.127553 31.482408 1 1 SupraM_L
-40.934987 -67.711257 28.124042 1 1 IP_L
-30.075425 -88.498214 -1.523382 1 1 LO_L
-5.406928 36.933371 -18.001864 1 1 MOF_L
-11.379796 24.090999 43.374715 1 1 SupF_L
-6.62424 -47.248045 16.969356 1 1 IsthmusC_L
-9.690527 -58.233298 36.662633 1 1 Precuneus_L
-7.126394 -79.633054 18.510034 1 1 Cuneus_L
-23.907604 -33.142327 -19.249481 1 1 paraHippo_L
-14.506283 -67.608044 -5.063883 1 1 Lingual_L
-52.06073 -39.127553 31.482408 1 1 SupraM_L
-53.401526 -15.660875 -4.006122 1 1 SupT_L
-30.075425 -88.498214 -1.523382 1 1 LO_L
12.193157 25.698054 43.075713 1 1 RMF_R
8.694854 64.422083 -11.920596 1 1 Fpole_R
38.249302 -3.015601 1.544895 1 1 Insula_R
12.193157 25.698054 43.075713 1 1 SupF_R
35.661664 12.293548 44.471424 1 1 CaudMF_R
46.623897 29.45939 3.342318 1 1 parsTriangularis_R
46.526088 14.243186 13.378662 1 1 parsOpercularis_R
37.897994 -9.813155 44.547376 1 1 preCentral_R
30.57332 13.776967 -35.773082 1 1 Tpole_R
54.388844 -12.260566 -5.118477 1 1 SupT_R
54.388844 -12.260566 -5.118477 1 1 SupT_R
58.170481 -27.920889 -13.563721 1 1 MT_R
58.170481 -27.920889 -13.563721 1 1 MT_R
58.170481 -27.920889 -13.563721 1 1 MT_R
50.781852 -31.732182 -26.194109 1 1 IT_R
50.781852 -31.732182 -26.194109 1 1 IT_R
50.781852 -31.732182 -26.194109 1 1 IT_R
42.365002 -22.476359 44.557213 1 1 postCentral_R
23.192057 -60.478712 49.691973 1 1 SupP_R
52.104994 -33.127594 31.196859 1 1 SupraM_R
52.104994 -33.127594 31.196859 1 1 SupraM_R
52.104994 -33.127594 31.196859 1 1 SupraM_R
44.34569 -61.781892 28.633137 1 1 IP_R
31.117596 -87.943778 -0.457613 1 1 LO_R
5.859795 37.568028 -16.583859 1 1 MOF_R
12.193157 25.698054 43.075713 1 1 SupF_R
7.091746 -46.16338 16.740261 1 1 IsthmusC_R
9.636033 -57.31006 37.845502 1 1 Precuneus_R
7.165208 -80.094411 19.16136 1 1 Cuneus_R
25.382203 -33.021476 -18.144719 1 1 paraHippo_R
14.746014 -66.769025 -4.325692 1 1 Lingual_R
52.104994 -33.127594 31.196859 1 1 SupraM_R
54.388844 -12.260566 -5.118477 1 1 SupT_R
31.117596 -87.943778 -0.457613 1 1 LO_R
